Ap1
5 10
-0.055 -0.16
-0.055 -0.23

Ap1
2 10
-0.06 -0.14
-0.06 -0.21

Ap1
2.5 10
-0.055 -0.15
-0.055 -0.22

Ap1
0.5 10
-0.06 -0.15
-0.06 -0.22

Ap1
5 10
-0.06 -0.13
-0.06 -0.20

Ap1
2 10
-0.055 -0.13
-0.055 -0.20

Ap1
3.5 10
-0.055 -0.13
-0.055 -0.20

Ap1
2.8 10
-0.06 -0.13
-0.06 -0.20

Ap1
3.0 10
-0.05 -0.15
-0.05 -0.22

#CIT_L
BTT_t1
0.2 4
0.07 -0.12
0.07 -0.19

#CIT_R
BTTL_t1
-0.2 4
-0.07 -0.12
-0.07 -0.19

aaww1
1 2
0.10 -0.10
0.10 -0.17

Laaww1
-1 2
-0.10 -0.10
-0.10 -0.17

awgood1
-3 -0.7
0.16 -0.01
0.16 -0.08

Lawgood1
3 -0.7
-0.15 -0.03
-0.15 -0.10

